766 20200111 1204699718 7304 338 112
Artnoc1 127303461 2840 259 120 com.termux.terminal.apk
CyanogenMod 20191214 1246268959 9077 819 205
NickHardwood 20191224 1175367388 5952 440 111
WJah 20191224 123232202 3361 333 169
aggarwalcode 20191225 53508622 5428 524 193
androiddream 20191215 3766157447 14218 1093 241
aosp 20200109 1425079790 14726 402 145
aosp-mirror 20200109 1015981852 21032 737 288
aporter 20191215 195436173 3310 306 251
bootstraponline 20191215 111336959 5408 287 140
ccphan 20191215 53258813 2732 137 113
commonsguy 20191215 87482027 14159 866 438
friederbluemle 20191214 1499656104 7146 755 120
iAshishVerma 755219476 3706 272 111 
iBotPeaches 20191224 2290687453 6072 475 170
iGio90 20191224 2628874430 7838 532 177
konyan 20191224 1177067274 5078 414 115
mixi-inc 117776599 5057 217 145 jp.mixi.compatibility.apk
ogaclejapan 20191225 127221579 2326 272 169
vaginessa 20191217 14579201727 31103 5865 1362
vogellacompany 110944457 4164 338 210 com.example.android.testing.ServiceTestRuleSample.apk
