119 20191225 39676870 566 13 10
570622566 20191223 1716167660 2226 195 20
616 20191225 189452881 1130 82 16
766 20200111 1204699718 7304 338 112
7heaven 108811895 682 73 16 com.tjerkw.slideexpandable.library.apk
Artnoc1 127303461 2840 259 120 com.termux.terminal.apk
Bassel-Bakr 20191224 836640690 3287 153 60
CyanogenMod 20191214 1246268959 9078 819 205
EddieRingle 20191214 184889059 1439 171 58
FireZenk 20191223 77801600 741 79 11
Frank-Zhu 20191214 78477681 1475 152 98
GcsSloop 20191224 49020344 425 50 19
Grarak 20191224 1120947243 2430 240 86
IanDarwin 20191224 111325188 1348 168 89
JakeWharton 20191224 91574575 3483 144 21
Janddda 20191224 195646121 2533 37 10
KilleTom 55410298 153 28 23 com.ocnyang.androidanimationset.apk
NickHardwood 20191224 1175367388 5952 440 111
Poussinou 20191218 3290282857 9625 879 74
Tencent 20200115 541881713 2084 111 15
WJah 20191224 123232202 3362 333 169
ZonaRMR 20200115 1817528367 6814 439 40
aggarwalcode 20191225 53508622 5429 524 193
airbnb 20191223 623478982 794 145 13
alibaba 20191223 122259457 823 103 25
amitkpandey 20191219 3440339361 11271 641 59
androiddream 20191215 3766157447 14219 1093 241
aosp 20200109 1425079790 14726 402 145
aosp-mirror 20200109 1015981852 21032 737 288
aporter 20191215 195436173 3311 306 251
aquatiko 196964992 1118 52 20 com.survivingwithandroid.actionbartabnavigation.apk
bachma0507 20200115 218275233 6423 64 18
bootstraponline 20191215 111336959 5409 287 140
burhanaras 1135415058 4478 277 93 com.burhan.vibrationproject.apk
ccphan 20191215 53258813 2732 137 113
christama 20200115 251151626 1014 102 19
commonsguy 20191215 87482027 14160 866 438
delight-im 20191223 27059538 1070 36 13
emtee40 20191223 1988397987 9566 441 53
enovella 20191214 42153915 919 92 63
everhopingandwaiting 131453798 1536 55 24 com.lamerman.apk
facebook 94673177 2638 179 18 com.facebook.device.yearclass.apk
fkorotkov 20200111 709526833 1638 303 85
florent37 20191223 478957302 1764 255 16
friederbluemle 20191214 1499656104 7146 755 120
fritexvz 20191224 420290486 1944 307 22
gitxchen 20191224 326538524 883 51 10
gzu-liyujiang 20191224 58227250 1764 58 14
halogenOS 319731013 4472 327 75 org.codeaurora.bluetooth.btlogsave.apk
hiphonezhu 20191224 334147846 1035 95 10
hmkcode 20191224 8411679 236 69 16
iBotPeaches 20191225 2290687453 3397 475 170
iGio90 20191224 2628874430 7838 532 177
indrajithbandara 20191224 1269160783 6392 411 72
its-pointless 20200110 40868114 822 35 18
javiersantos 983431780 2904 236 89 com.txusballesteros.widgets.apk
jaydeepw 20191224 218597478 3080 173 27
jkleiber 20200115 91003199 1813 58 18
johnjohndoe 20191224 447993155 2217 404 47
k0shk0sh 20191222 398040950 1409 203 22
konyan 20191224 1177067274 5078 414 115
koral-- 20200109 163515540 1373 129 22
koush 20191224 182765450 1742 117 29
lecho 20191224 8591956 218 26 12
ligi 20191224 318854119 1649 304 32
maditb 20200115 298247435 5694 145 32
montanablood27 20200110 265290194 29334 422 30
nikpadekar 17570362 692 34 20 com.survivingwithandroid.actionbartabnavigation.apk
nisrulz 20191224 241613773 1227 204 13
nolanlawson 20191225 20768548 1115 62 25
ogaclejapan 20191225 127221579 2326 272 169
skbhati199 20191225 501502890 2383 185 14
tranleduy2000 20191214 482896760 1897 187 16
vaginessa 20191217 14579201727 31105 5865 1362
vogella 70118709 389 39 16 com.example.android.monthcalendarwidget.apk
xamarin 572895986 1433 93 15 com.android.aapt.test.plurals.apk
xuyisheng 301376084 1358 165 49 com.imooc.xpuzzle.apk
