00-Evan 20191217 12388405 77 4 1
0x6e3078 20200110 142782048 1905 6 2
119 20191225 39676870 567 13 10
120687 20200110 224887 186 3 1
1500226117 20200110 211919 191 3 1
241 20191225 11903240 392 14 1
2dxgujun 20200108 43358002 506 9 1
2hamed 20200109 145321052 3053 62 6
452 20191225 104523721 513 33 7
4twnty 20200110 225326 66 3 1
570622566 20191223 1716167660 2227 195 20
583 20191225 109633634 414 18 5
6 20191225 494139 88 2 1
616 20191225 189452881 1130 82 16
766 20200111 1204699718 7305 338 112
7heaven 108811895 683 73 16 com.tjerkw.slideexpandable.library.apk
81813780 20200109 67488689 993 24 3
91 20191225 5167717 68 3 2
965310001 20200115 58661713 1748 59 1
9chu 20200113 16902443 211 3 1
AChep 20200109 35656246 2294 64 8
Android1 20191225 2091591 36 5 1
AndroidAalto 20200113 3480810 256 9 2
AndroidSecurityTools 20191223 187089666 376 27 3
Armyxxx 20200110 224882 230 3 1
Artnoc1 127303461 2841 259 120 com.termux.terminal.apk
Avocarrot 634353 72 5 1 com.avocarrot.json2view.apk
Badel2 20200115 118398 69 1 1
Bassel-Bakr 20191224 836640690 3287 153 60
Blankj 22359562 450 70 5 com.cmj.autocheckedittext.apk
BlueMor 21071921 194 17 1 wang.imallen.blog.moduleexportlib.apk
BoBoMEe 63912731 456 68 2 com.java.bobomee.algorithms_module.apk
BoD 57120763 317 36 1 com.klinker.android.link_builder.apk
Bubu 305897957 920 66 6 com.ridgelineapps.resdicegame.apk
Comcast 17703065 963 48 2 org.freeflow.teststub.apk
Countly 2175980 150 8 4 ly.count.android.sdknative.apk
Cutehacks 20191223 3444240 56 4 1
CyanogenMod 20191214 1246268959 9078 819 205
DWorkS 13678795 266 25 1 uk.co.senab.actionbarpulltorefresh.library.apk
Devlight 20191223 2968650 349 28 3
DroidPlanner 25890696 84 7 1 com.hoho.android.usbserial.apk
EXALAB 20200107 449312118 220 11 9
EXL 20191223 2184732 65 3 3
EddieRingle 20191214 184889059 1440 171 58
Edontin 20191214 19293462 48 4 1
ErikCrick 20191223 248934 83 8 8
FSecureLABS 20191224 5113131 267 11 5
FatMonkeySmile 20191214 5938836 110 5 4
Fichardu 20191214 4071158 39 7 1
FireZenk 20191214 77801600 533 79 10
Flowdalic 20191214 30402902 299 25 5
Frank-Zhu 20191214 78477681 1475 152 98
FredJul 20191214 36419848 183 13 1
Freelander 20191224 43241620 210 17 4
Fun4Android 20191224 122016520 994 67 5
Funcan 20191214 34774999 123 11 4
Gameye98 20191225 4070034 115 10 2
GcsSloop 20191224 49020344 425 50 19
GeorgeArgyrakis 20191217 1466316 46 7 2
GleasonK 20191224 128253492 230 16 4
Grarak 20191224 1120947243 2430 240 86
GrenderG 20191224 48654222 258 30 1
Grimler91 20200108 17826863 107 8 2
HenriDellal 20191224 43344021 342 14 8
ISchwarz23 20191224 26405098 281 13 1
IanDarwin 20191224 111325188 1348 168 89
JaceHo 142336032 515 64 4 com.bumptech.glide.gifencoder.apk
JackWHLiu 153390772 164 22 5 com.lwh.jackknife.demo.apk
JakeWharton 20191224 91574575 3484 144 21
Janddda 20191224 195646121 2533 37 10
JeDaYoshi 20200109 59646465 435 16 3
JessYanCoding 20191224 64367165 911 61 2
Juude 20191224 97269495 4780 29 4
KYHSGeekCode 20191224 304541629 231 34 8
KeepSafe 20191224 16764190 326 37 5
KilleTom 55410298 147 28 23 com.ocnyang.androidanimationset.apk
Laeyoung 20191224 86243648 233 18 4
LuaDist 20200115 3797768 441 1 1
LuckSiege 20191224 35350110 189 28 3
MahmoudMabrok 106209026 1368 48 4 hotchemi.android.rate.apk
MichiganLabs 40951024 1609 47 7 com.unnamed.b.atv.apk
Neo-Oli 20191224 321319 116 4 2
NickHardwood 20191224 1175367388 5952 440 111
OneSignal 20191225 2901056 101 9 1
OpnSrcConstruction 20200110 38040988 607 8 1
PhilJay 20191225 23374452 122 11 2
Poussinou 20191218 3290282857 9626 879 74
SushmithaManjunath 20200115 58885383 741 18 2
TeamAmaze 20191217 4997110 49 4 1
Tencent 20200115 541881713 2084 111 15
Thiedze 661212 29 4 1 de.thiems.cwironman.apk
ThirtyDegreesRay 20191222 2030886 46 3 1
WJah 20191224 123232202 3362 333 169
WSAyan 20191225 56952789 283 35 5
Yalantis 57326209 126 27 1 com.yalantis.guillotine.apk
ZonaRMR 20200115 1817528367 6815 439 40
afairley 20200110 9489129 103 1 1
aggarwalcode 20191225 53508622 5429 524 193
ahmed9dz 20191225 2932739 63 2 2
ahri 20200110 17154352 259 3 2
airbnb 20191223 623478982 795 145 13
akkana 20191225 447862 97 4 3
alexandraHospital 20200115 77935142 1436 5 1
alibaba 20191223 122259457 823 103 25
amsitlab 20200111 21950 49 1 1
anaisbetts 20200107 11835465 243 14 2
android10 20191225 63588708 331 28 3
aosp 20200109 1425079790 14726 402 145
aosp-mirror 20200109 1015981852 21032 737 288
apriorit 9309260 108 8 1 com.test.accessibilitydatamonitoring.apk
aquatiko 196964992 1118 52 20 com.survivingwithandroid.actionbartabnavigation.apk
awslabs 20191223 8623489 498 12 1
bachma0507 20200115 218275233 6424 64 18
barnhill 4990833 49 6 1 com.pnuema.android.marqueeview.apk
bilibili 6221545 405 23 5 master.flame.danmaku.apk
bionicwan 20200108 24250508 400 11 1
brubakerjeff 211699 60 3 1 com.termux.terminal.apk
brysgo-forks 20200110 14573498 785 9 1
bullheadandplato 121960544 244 39 2 io.jitpack.example.examplelib.apk
bumptech 39677057 303 29 2 com.bump.api.apk
burhanaras 1135415058 4479 277 93 com.burhan.vibrationproject.apk
catch 20200113 4066615 123 6 2
cats-oss 20191223 22557438 138 5 1
cheezy 2304640 63 3 1 com.myapp.apk
christama 20200115 251151626 1015 102 19
codepath 46677467 887 76 8 com.codepath.example.animationgesturesdemo.apk
commonsguy 20191214 87482027 6807 866 350
d 20191225 32533319 219 1 1
d4rken 20191217 34788858 538 68 7
delight-im 20191223 27059538 1070 36 13
didi 20200108 39791017 149 30 3
dogriffiths 20191224 26150339 542 36 9
easytarget2000 20200115 20855803 67 10 1
easytiger 20200113 656103 30 3 1
edaubert 20191223 2672504 100 6 1
eddieoz 20200115 97898630 1993 33 8
eggie5 20200113 14186465 422 8 3
emtee40 20191223 1988397987 9566 441 53
enovella 20191223 42153915 715 92 51
enricocid 20191214 36352155 148 21 3
ericflo 20200113 39592243 22 3 1
esironal 20191223 58957559 1650 30 7
euhoro 20200115 9406166 157 2 1
everhopingandwaiting 131453798 1537 55 24 com.lamerman.apk
evilrobot69 20191214 274247 17 2 1
fAndreuzzi 20191223 41465043 339 37 3
facebook 94673177 2639 179 18 com.facebook.device.yearclass.apk
fathonyfath 20191223 2346678 67 7 1
federicoiosue 20191217 8769673 53 13 3
ferid60433 20200116 201328647 4094 32 9   
firebase 92782320 2081 172 3 com.firebase.ui.apk
fkorotkov 20200111 709526833 1638 303 85
florent37 20191223 478957302 1765 255 16
foolish314159 20200115 1749821 153 6 1
fornwall 20200113 10081982 92 4 1
frac 20200113 64480708 323 4 1
frankodoom 20191214 373062309 1061 143 5
friederbluemle 20191214 1499656104 7147 755 120
fritexvz 20191224 420290486 1944 307 22
fujunwei 20191224 308538189 336 28 5
futurice 74692954 242 17 1 com.futurice.project.apk
fx-adi-lima 20191224 23115 14 1 1
geeeeeeeeek 20191224 8343934 177 9 2
gene9 20200113 62397018 314 8 2
gerard 20200113 66642 85 2 2
gitxchen 20191224 326538524 883 51 10
gmobi-zl 20191224 21355162 53 5 1
gregko 20191224 19066179 99 15 3
gzu-liyujiang 20191224 58227250 1764 58 14
halilozercan 20191224 30030466 158 17 1
halogenOS 319731013 4473 327 75 org.codeaurora.bluetooth.btlogsave.apk
hani-28 20191224 37443223 142 9 4
hdodenhof 20191224 67934031 563 52 7
heagoo 20191214 1093435 39 3 2
hhhhhhhhhhh 20191225 8534045 121 6 2
hiphonezhu 20191224 334147846 1036 95 10
hmkcode 20191224 8411679 236 69 16
huanghaibin-dev 20191224 64529325 126 14 3
iBotPeaches 20191225 2290687453 3398 475 170
iGio90 20191224 2628874430 7838 532 177
iamam34 20191224 777438 38 4 1
iamdaiyuan 20191224 71413573 435 36 3
indrajithbandara 20191224 1269160783 6392 411 72
iqiyi 20191224 270502480 577 35 2
isrgish 20191224 2846047 25 1 1
its-pointless 20200110 40868114 822 35 18
itshizhan 20191224 39419228 351 70 1
j4cKc4T 20191224 2727491 67 4 2
jackpal 20191225 617155 45 8 2
janishar 20191224 3143871 190 31 1
jarofgreen 20191224 614126 106 5 4
jaroslavas 20191224 91883532 396 13 1
javiersantos 983431780 2905 236 89 com.txusballesteros.widgets.apk
jaydeepw 20191224 218597478 3081 173 27
jayschwa 20191224 402247 185 9 4
jkleiber 20200115 91003199 1814 58 18
johanhil 20191224 69742 39 3 2
johnjohndoe 20191224 447993155 2218 404 47
jonan 20191222 8936403 177 13 1
jpriebe 20191224 25063196 172 1 1
juha-h 20191224 486624 20 2 1
k0shk0sh 20191222 398040950 1409 203 22
kaushikgopal 20191224 38549256 887 50 5
kickstarter 20191224 2545562 91 3 1
konyan 20191224 1177067274 5079 414 115
koral-- 20200109 163515540 1373 129 22
koush 20191224 182765450 1742 117 29
ksoichiro 20191224 21522833 390 33 9
l00g33k 20191224 15327311 131 17 1
laobie 20191224 54232796 228 25 3
lecho 20191224 8591956 219 26 12
letiantian 20191224 82965154 244 18 1
libgdx 20191224 174359199 514 20 2
ligi 20191224 318854119 1650 304 32
linder3hs 20191224 291233659 283 22 1
lingochamp 20191224 47304162 239 25 2
linuxdroid 20200110 17906187 422 9 2
lipangit 20191224 2827694 72 5 1
lotheac 20191224 1255635 70 4 1
maditb 20200115 298247435 5694 145 32
madui 20200109 154393754 931 56 8
manas-chaudhari 17595675 904 27 2 org.jetbrains.kotlin.gradle.test.android.libalfa.apk
masokotanga 20200109 5033362 173 1 1
maxyou 14208048 101 13 4 com.maxproj.mylibrary.apk
mcxiaoke 60446857 851 45 6 com.mcxiaoke.next.func.apk
mdsimmo 20191217 154646220 445 11 2
meoblast001 1568105 35 1 1 info.meoblast001.thugaim.apk
merbst 153894198 1062 11 2 org.qpython.sample.apk
michalbednarski 5519666 180 13 6 z4pp3r.flashlightwidget.apk
mikepenz 378919805 951 87 2 fr.nicolaspomepuy.discreetapprate.apk
mistelip 20191224 77064935 106 31 4
mjarvisal 224542 59 3 1 com.termux.terminal.apk
mobilepearls 20191224 632407 97 6 4
montanablood27 20200110 265290194 29335 422 30
naman14 20191224 131357073 788 55 4
navasmdc 20191224 7971715 147 15 4
nelenkov 20191224 19604642 342 26 6
netguru 20200110 329580738 835 32 6
neverwin 20191224 224276 63 3 1
nicogig 20200115 77899544 768 18 5
nieldeokar 20191224 21913419 163 22 3
nikpadekar 17570362 692 34 20 com.survivingwithandroid.actionbartabnavigation.apk
nisrulz 20191224 241613773 1227 204 13
nolanlawson 20191225 20768548 1115 62 25
nostra13 20191225 4004734 110 6 2
null-dev 20200115 18060388 970 17 1
ogaclejapan 20191225 127221579 2327 272 169
orhanobut 20191225 23560933 175 22 3
paride 20191225 467592 26 1 1
pphetra 20200107 56342485 96 5 1
realm 20191225 12399023 549 47 2
renes 20191225 351089 19 1 1
rey5137 20191225 90389256 1750 20 1
roland 20191225 341972 30 1 1
rrelmy 64744 26 2 1 ch.rrelmy.android.batterymanager.apk
runo280 20191225 3790849 31 3 1
sahuadarsh0 20191225 154487880 407 47 3
scwang90 20191225 51551599 356 19 2
signalapp 20191217 65516228 254 16 3
simonassank 20191214 60111669 37 6 1
skbhati199 20191225 501502890 2383 185 14
slapperwan 20191222 2420260 49 5 1
smuyyh 20191225 119560954 319 37 4
ss 20191225 7290 19 1 1
sudomain 20200109 35429119 147 4 1
t184256 20200110 23535737 612 7 1
tageorgiou 20200107 108543 40 1 1
tanliner 20191214 48134157 202 40 9
taoufix 20200107 18249745 151 21 2
tensorflow 20200116 82485504 2648 16 4   
termux 20200115 21755571 311 14 4
thermatk 20191222 35891345 280 24 1
tranleduy2000 20191214 482896760 1898 187 16
trifonnt 162527675 113 6 2 bintray.example.jfrog.org.gradle_aar_example.apk
twaik 20200111 27450755 761 9 4
ukanth 20191225 43353062 121 15 3
vaginessa 20191217 14579201727 31107 5865 1362
videolan 20191217 5012814 81 8 2
vinniefalco 20200115 17061249 501 2 2
vogella 70118709 390 39 16 com.example.android.monthcalendarwidget.apk
wanelo 13253162 54 6 1 com.wanelo.android.image.apk
wasabeef 56391655 365 41 3 jp.wasabeef.blurry.apk
windbeard123 20200110 39894812 363 4 1
wszf 20191225 7476017 111 15 4
wt 20200116 51008797 199 1 1
wvengen 20191224 2723917 166 5 1
xamarin 572895986 1433 93 15 com.android.aapt.test.plurals.apk
xeffyr 20200113 554768 60 3 1
xuyisheng 301376084 1358 165 49 com.imooc.xpuzzle.apk
yarolegovich 20200113 34493454 89 21 3
zerocod3r 6178911 176 30 8 com.hmkcode.android.apk
zevv 20200113 37497577 73 8 3
zsx 20200115 6877054 243 2 1
